PLAYER
10
9676 20830
0
1 10
0
1 10
0
1 10

enemy
bat
23711.2 16948.8 0 0
enemy
mushroom
10641.6 17484.2 0 1
enemy
skeleton
14676 16444.2 1 0
enemy
goblin
19431.2 17034.4 0 0
enemy
goblin
12421 11384 0 1
enemy
skeleton
16386.6 8731.2 1 0
enemy
mushroom
18981.4 11042.4 -1 0
enemy
goblin
24615 13096.8 -1 0
enemy
goblin
28703.2 15054.2 0 -1
enemy
bat
21599 18744.4 0 1
enemy
mushroom
30652.8 19034.6 0 1
enemy
mushroom
32528 13137 0 -1
enemy
skeleton
16108.8 11534.6 0 0
enemy
bat
19688 9672.8 0 0
enemy
bat
18232.8 7875.2 0 0
enemy
bat
20201.6 8731.2 0 0
enemy
earthBoss
31843.2 15408 0 0
enemy
fireBoss
10346.9 21196.7 0 0
enemy
waterBoss
33384 7019.2 0 0
enemy
bat
11943.4 8779.35 -1 0
enemy
bat
22520.8 6669.4 0 -1
enemy
skeleton
25423.2 7104.8 0 0
enemy
skeleton
31174 7113.8 1 0
enemy
skeleton
27905.6 7532.8 0 0
enemy
goblin
23454.4 10785.6 0 0
enemy
bat
19174.4 18489.6 0 0
enemy
goblin
17911 15493.6 -1 0
enemy
goblin
16548.2 14080.4 0 -1
enemy
skeleton
15104.8 18498.6 -1 0
redirect
0 1
15579 14038 10 10
redirect
-1 0
16520 18489 10 10
redirect
-1 0
12540 8779 10 10
redirect
1 0
11770 8779 10 10
redirect
-1 0
10528 10614 10 10
redirect
1 0
9844 10614 10 10
redirect
1 0
12412 11984 10 10
redirect
0 1
12412 10700 10 10
redirect
-1 0
13610 10700 10 10
redirect
0 -1
13610 11984 10 10
redirect
1 0
18318 11042 10 10
redirect
-1 0
20201 11042 10 10
redirect
1 0
15921 8731 10 10
redirect
-1 0
17462 8731 10 10
redirect
-1 0
22940 6762 10 10
redirect
0 1
21656 6762 10 10
redirect
1 0
21656 7361 10 10
redirect
0 -1
22940 7361 10 10
redirect
0 1
31586 7104 10 10
redirect
-1 0
31586 7960 10 10
redirect
0 -1
30388 7960 10 10
redirect
1 0
30388 7104 10 10
redirect
0 -1
22512 6762 10 10
redirect
-1 0
22512 6248 10 10
redirect
0 1
21999 6248 10 10
redirect
-1 0
21999 6762 10 10
redirect
-1 0
16692 14038 10 10
redirect
0 -1
16692 15065 10 10
redirect
1 0
15579 15065 10 10
redirect
1 0
17548 15493 10 10
redirect
-1 0
18917 15493 10 10
redirect
1 0
14124 16435 10 10
redirect
0 1
15836 16435 10 10
redirect
-1 0
15836 17205 10 10
redirect
0 -1
14124 17205 10 10
redirect
0 -1
16520 20629 10 10
redirect
1 0
14380 20629 10 10
redirect
0 1
14380 18489 10 10
redirect
0 1
10785 16863 10 10
redirect
-1 0
10785 17976 10 10
redirect
0 -1
9929 17976 10 10
redirect
1 0
9929 16863 10 10
redirect
1 0
20972 18318 10 10
redirect
0 1
21742 18318 10 10
redirect
1 0
21742 19431 10 10
redirect
0 1
23540 19431 10 10
redirect
-1 0
23540 20030 10 10
redirect
0 -1
20972 20030 10 10
redirect
-1 0
25680 13096 10 10
redirect
1 0
23968 13096 10 10
redirect
-1 0
32356 17633 10 10
redirect
0 1
30644 17633 10 10
redirect
1 0
30644 19688 10 10
redirect
0 -1
32356 19688 10 10
redirect
0 1
32528 12840 10 10
redirect
0 -1
32528 14124 10 10
redirect
-1 0
28847 14295 10 10
redirect
0 1
27135 14295 10 10
redirect
1 0
27135 15836 10 10
redirect
0 -1
28847 15836 10 10
QUEST
siblings
Gather your siblings
coins
-842150451 3 0
unlockedzones 2
-1
